15
37
35
31
34
40
36
31
34
29
39
26
23
31
26
32
31
28
24
23
31
16
7
8
8
8
8
8
18
40
41
47
45
43
52
60
58
36
43
36
26
34
34
41
37
34
25
27
35
18
7
8
8
8
8
8
8
6
6
5
6
6
5
7
8
6
7
8
10
6
6
5
6
8
8
8
9
8
8
8
8
8
8
8
0
0
0
0
0
0
0
0
0
0
0
0
0
0
0
0
0
0
0
0
0
0
0
0
0
0
0
0
0
0
0
0
0
0
8
16
47
134
94
59
52
51
83
133
108
36
17
9
0
0
0
0
0
0
0
0
0
0
0
0
30
79
140
193
200
221
221
226
229
227
229
214
210
220
204
150
74
28
1
0
0
0
0
0
0
0
4
82
182
212
214
210
203
199
198
203
209
205
203
200
201
204
208
212
212
177
28
0
0
0
0
0
0
2
38
195
213
202
201
208
223
230
231
231
229
230
230
233
231
223
205
201
205
217
105
9
0
0
0
0
0
8
103
213
208
204
207
202
142
116
101
111
102
100
97
101
109
144
209
204
207
222
197
23
0
0
0
0
0
16
186
222
211
206
215
192
35
99
118
52
118
91
103
109
79
31
195
213
213
216
230
60
0
0
0
0
0
30
220
222
213
213
220
197
28
148
163
115
153
121
153
162
141
22
182
219
213
209
213
114
5
0
0
0
11
113
223
219
214
218
221
193
43
41
55
69
43
39
31
38
67
56
183
215
218
213
218
171
10
0
0
0
13
121
194
216
228
238
214
199
191
194
199
200
199
199
197
198
201
196
203
212
219
211
197
131
7
0
0
0
2
15
29
46
80
156
215
199
219
212
213
214
214
216
216
216
218
210
206
153
45
34
31
16
1
0
0
0
0
0
0
0
1
60
207
199
210
204
205
205
205
205
205
205
209
202
204
98
2
0
0
0
0
0
0
0
0
0
1
3
2
42
192
201
207
203
207
207
206
206
207
206
208
207
202
82
5
3
1
0
0
0
0
0
0
0
1
2
0
20
179
201
202
204
207
206
206
206
208
206
202
211
202
74
5
3
1
0
0
0
0
0
0
0
1
2
0
18
179
200
201
206
207
206
207
207
209
207
200
210
203
72
4
2
0
0
0
0
0
0
0
0
1
2
0
20
197
203
204
207
208
207
207
207
210
207
202
205
205
76
5
2
0
0
0
0
0
0
0
0
0
1
0
19
193
204
207
208
208
207
209
207
210
208
206
202
204
85
5
1
0
0
0
0
0
0
0
0
0
1
0
18
188
204
205
208
207
206
212
208
210
210
208
199
203
98
6
1
0
0
0
0
0
0
0
0
0
1
0
19
190
207
206
208
207
206
214
208
209
209
209
198
202
108
7
1
0
0
0
0
0
0
0
0
0
0
0
19
189
210
208
208
207
207
213
211
210
208
209
199
199
111
7
0
0
0
0
0
0
0
0
0
0
1
0
18
186
210
208
208
206
208
212
212
210
208
209
200
197
114
8
0
0
0
0
0
0
0
0
0
0
0
0
17
174
211
207
206
205
209
212
210
209
206
209
202
200
118
8
0
0
0
0
0
0
0
0
0
0
0
0
17
174
216
211
222
225
227
230
230
230
227
227
210
210
138
10
0
0
0
0
0
0
0
0
0
0
1
0
11
108
123
113
116
118
118
111
111
111
108
106
102
106
64
5
0
0
0
0
0
0
0
0
0
0
0
0
0
0
0
0
0
0
0
0
0
0
0
0
0
0
0
0
0
0
0
0
0
0
0
